 Entry:
 A:
   6.0000000000000000        2.0000000000000000        1.0000000000000000       -1.0000000000000000     
   2.0000000000000000        4.0000000000000000        1.0000000000000000       0.00000000000000000E+000
   1.0000000000000000        1.0000000000000000        4.0000000000000000       -1.0000000000000000     
  -1.0000000000000000       0.00000000000000000E+000  -1.0000000000000000        3.0000000000000000     
 Eg:  1.00000000000000006E-009
 En:  1.00000000000000006E-009
 itmax:          50
 Inverse:
  0.21465968586387432      -0.10471204188481674      -1.04712041884816795E-002  6.80628272251308647E-002 -0.10471204188481674       0.31937172774869110      -6.80628272251308925E-002 -5.75916230366491991E-002 -1.04712041884816795E-002 -6.80628272251308925E-002  0.29319371727748689       9.42408376963350530E-002  6.80628272251308647E-002 -5.75916230366491991E-002  9.42408376963350530E-002  0.38743455497382190     
 Determinant:   191.00000000000003     
 Cond2:   2.0390733347763343     
 Cond1:   6.0732984293193706     
 Cond8:   6.0732984293193706     
 CondF:   6.4635495824840792     
 Entry:
 A:
   3.0000000000000000        4.0000000000000000        2.0000000000000000        7.0000000000000000     
   8.0000000000000000        9.0000000000000000        5.0000000000000000        7.0000000000000000     
   4.0000000000000000        6.0000000000000000        7.0000000000000000        6.0000000000000000     
   5.0000000000000000        7.0000000000000000        6.0000000000000000        9.0000000000000000     
 Eg:  1.00000000000000006E-009
 En:  1.00000000000000006E-009
 itmax:          50
 Inverse:
  0.16304347826086957       -1.1847826086956523       0.30434782608695654       1.08695652173913197E-002 -0.14130434782608686       0.29347826086956519      -0.13043478260869570      -7.60869565217388438E-002 -0.20652173913043476      -3.26086956521739191E-002  0.34782608695652178      -0.88043478260869568       0.35869565217391292      -0.20652173913043476      -0.13043478260869559        1.4239130434782605     
 Determinant:   92.000000000000000     
 Cond2:   46.034388097955819     
 Cond1:   61.467391304347807     
 Cond8:   69.347826086956502     
 CondF:   54.815918961964073     
 Entry:
 A:
   12.000000000000000       -27.000000000000000        11.000000000000000        44.000000000000000       -37.000000000000000        14.000000000000000     
   25.000000000000000        35.000000000000000        17.000000000000000        36.000000000000000        45.000000000000000        25.000000000000000     
  -17.000000000000000        15.000000000000000        34.000000000000000       -27.000000000000000        18.000000000000000        34.000000000000000     
   33.000000000000000        46.000000000000000        42.000000000000000        52.000000000000000        31.000000000000000        43.000000000000000     
   28.000000000000000        57.000000000000000        25.000000000000000        15.000000000000000        23.000000000000000        52.000000000000000     
   42.000000000000000        30.000000000000000        55.000000000000000       -33.000000000000000        49.000000000000000        41.000000000000000     
 Eg:  1.00000000000000006E-009
 En:  1.00000000000000006E-009
 itmax:          50
 Inverse:
  6.01562504305349580E-003 -2.32566759912961850E-002 -1.10657438623853431E-002  3.16189550494364903E-003  2.10180287829294776E-003  2.57320524631370340E-002 -1.42181748462221684E-003 -3.35897327043974403E-002 -3.55381763811311938E-002  7.55918048260074624E-003  3.62659090137506801E-002  3.64495470902515273E-002 -2.16999184006980775E-002 -9.05773817075586699E-003  2.89326917638178804E-003  1.15852475053937996E-003  7.99665118959040806E-003  1.63510810177772310E-002 -8.02513779677343879E-003  3.15612891138493876E-002  4.59165164654345356E-002  9.11285175029359976E-003 -1.88022341963985790E-002 -4.66623831260165184E-002  7.92061723591139244E-003  7.74402881955290907E-003 -2.41289702107489179E-002 -6.83639808718030512E-003 -9.25086147545458280E-003  2.41414060613816921E-002  1.51788473446440655E-002 -6.98841588337787475E-003  5.49511986707200677E-003 -7.53648330199555277E-003  1.98979905080085787E-003 -1.86084895409195303E-003
 Determinant:  -7243895304.0000038     
 Cond2:                       NaN
 Cond1:   33.616886614240869     
 Cond8:   37.799329678163986     
 CondF:   25.615705490141220     
 Entry:
 A:
   1.0000000000000000        1.0000000000000000        1.0000000000000000        1.0000000000000000        1.0000000000000000     
   1.0000000000000000        2.0000000000000000        3.0000000000000000        4.0000000000000000        5.0000000000000000     
   1.0000000000000000        4.0000000000000000        9.0000000000000000        16.000000000000000        35.000000000000000     
   1.0000000000000000        8.0000000000000000        27.000000000000000        64.000000000000000        125.00000000000000     
   1.0000000000000000        16.000000000000000        81.000000000000000        256.00000000000000        625.00000000000000     
 Eg:  1.00000000000000006E-009
 En:  1.00000000000000006E-009
 itmax:          50
 Inverse:
   1.1637193382772391      -4.10724472333142410E-002 -0.31945236737022231       0.19680547632629758       0.78722190530519109      -0.52519490397413970      -2.85225328009127213E-002 -0.66628636622932103       0.22000380300437344       0.21334854535082731      -0.14156683780186335       7.55847119224187652E-002  0.36565887050770096      -0.29967674462825644       0.13462635482030783      -3.52728655637954275E-002 -3.99315459212778029E-002 -3.28009127210496104E-002  0.10800532420612284       9.86879634911580345E-002  1.31203650884198497E-002  5.41928123217341479E-003 -1.34055904164289783E-002 -5.13405590416428619E-003 -2.05362236166571552E-002
 Determinant:  -21036.000000000004     
 Cond2:   70.357481317304888     
 Cond1:   1984.0427837992011     
 Cond8:   1839.4179501806429     
 CondF:   1250.7184418642616     
